eye 0.0 0.0 25.0
viewdir 0.0 0.0 -1.0
updir 0.0 1.0 0.0
hfov 45.0
imsize 800 600

bkgcolor 1.0 1.0 1.0

light 0.0 0.0 25.0 1 .7 .7 .7

mtlcolor 1.0 1.0 1.0 0.5 0.5 0.5 0.002 0.04 0.7 100 0.1 1.5
sphere 3.0 0.0 12.0 1.5


mtlcolor 1.0 1.0 1.0 0.5 0.5 0.5 0.002 0.04 0.7 100 0.1 1.5
sphere -3.0 0.0 12.0 1.5

mtlcolor 1.0 1.0 1.0 0.5 0.5 0.5 0.002 0.04 0.7 100 0.1 1.0001
sphere 0.0 0.0 15.0 2

texture mona.ppm

v -5.0 -7.0 0.0
v 5.0 -7.0 0.0
v 5.0 7.0 0.0
v -5.0 7.0 0.0

vt 0.0 0.0
vt 1.0 0.0
vt 0.0 1.0
vt 1.0 1.0

mtlcolor 1.0 1.0 1.0 0.5 0.5 0.5 0.1 0.9 0.002 50 1.0 1.0
f 1/4 2/2 3/1
f 1/4 3/1 4/3